$ 1 0.000005 10.20027730826997 50 5 43 5e-11
407 640 336 656 336 1
s 448 336 544 336 0 1 false
w 448 368 544 368 0
r 544 336 640 336 0 2000
r 736 336 816 336 0 470
r 736 368 736 448 0 10000
w 736 448 848 448 0
w 736 368 864 368 0
R 448 336 448 288 0 0 40 12 0 0 0.5
g 448 368 448 400 0 0
R 816 336 880 336 0 0 40 3.3 0 0 0.5
34 fwdrop\q2.5 1 9.32e-11 0.042 4.184905101457952 0 1
162 640 368 544 368 2 fwdrop\q2.5 0 0 1 0.01
x 663 315 711 318 4 16 PC817
x 880 369 931 372 4 12 sense\spin
x 864 448 884 451 4 12 gnd
g 848 448 848 480 0 0
b 809 276 544 479 0
x 907 338 959 341 4 12 power\spin
