$ 1 8.223684210526316e-7 0.05817778142098084 50 5 43 5e-11
x -137 267 -76 270 4 14 output\spin
g 176 336 176 432 0 0
r 80 288 144 288 0 1000
s -80 288 -16 288 0 1 false
R -80 288 -128 288 0 0 40 3.3 0 0 0.5
x -121 121 -69 124 4 14 pwm\spin
f 144 288 176 288 32 0.6 0.02
w 80 208 80 160 0
w 176 160 176 208 0
w 48 288 48 336 0
w 176 304 176 336 0
r 48 336 176 336 0 10000
x 200 244 230 247 4 14 ir\sled
34 fwdrop\q1 1 1.7143528192810002e-7 0 2.4816827523407423 0 1
162 176 208 176 272 2 fwdrop\q1 1 0 0 0.01
R 80 160 -96 160 0 2 38000 1.65 1.65 0 0.25
r 80 208 176 208 0 220
r 80 160 176 160 0 220
x 188 292 237 295 4 14 2N7000
x 203 439 226 442 4 14 gnd
b 256 371 -14 123 0
w -16 288 48 288 0
w 48 288 80 288 0
o 1 4 0 45067 0.0001 0.0001 0 2 1 3
